チュートリアル
20 100
110000000000000011
110000000000000011
110000000000000011
110000000000000011
110000000000000011
110000000000000011
110000000000000011
110000000000000011
110000000000000011
110000000000000011
110000000000000011
110000000000000011
110000000000000011
110000000000000011
110000000000000011
110000000000000011
110000000000000011
110000000000000011
110000000000000011
110000000000000011
110000000000000011
110000000000000011
110000000000000011
110000000000000011
110000000000000011
110000000000000011
110000000000000011
110000000000000011
110000000000000011
110000000000000011
110000000000000011
110000000000000011
110000000000000011
110000000000000011
110000000000000011
110000000000000011
110000000000000011
110000000000000011
110000000000000011
110000000000000011
110000000000000011
110000000000000011
110000000000000011
110000000000000011
110000000000000011
110000000000000011
110000000000000011
110000000000000011
110000000000000011
110000000000000011
110000000000000011
110000000000000011
110000000000000011
110000000000000011
110000000000000011
110000000000000011
110000000000000011
110000000000000011
110000000000000011
110000000000000011
110000000000000011
110000000000000011
110000000000000011
110000000000000011
110000000000000011
110000000000000011
110000000000000011
110000000000000011
110000000000000011
110000000000000011
110000000000000011
110000000000000011
110000000000000011
110000000000000011
110000000000000011
110000000000000011
110000000000000011
110000000000000011
110000000000000011
110000000000000011
110000000000000011
110000000000000011
110000000000000011
110000000000000011
110000000000000011
110000000000000011
110000000000000011
110000000000000011
110000000000000011
110000000000000011
110000000000000011
110000000000000011
110000000000000011
110000000000000011
110000000000000011
110000000000000011
110000000000000011
110000000000000011
111111111111111111
111111111111111111